datetimeUTC,California,Texas,North Dakota,Wyoming,Pennsylvania,West Virginia,Oklahoma,Florida,New York,Ohio
2000-01-31 00:00:00+00:00,8.317204301075268,7.569588213974959,7.641935483870968,,6.2700268817204305,,7.820645161290322,,,7.318536349174645
2000-02-29 00:00:00+00:00,8.116379310344827,7.588296760710554,7.647321428571429,,6.217853037766831,,7.863448275862068,,,7.383686753355537
2000-03-31 00:00:00+00:00,8.110940860215054,7.6870392127383536,8.077499999999999,,6.352822580645161,,7.634838709677419,,,7.008531319998288
2000-04-30 00:00:00+00:00,7.831666666666666,7.6738644575453785,8.320833333333333,,6.6223184578872205,,7.812666666666667,,,7.169826305402544
2000-05-31 00:00:00+00:00,7.815430107526882,7.569981211208804,8.37258064516129,,6.770356541511048,,7.461505376344086,,,7.275331998471917
2000-06-30 00:00:00+00:00,7.878333333333333,7.5539305010609565,8.345,,6.78848073372819,,7.474666666666667,,,7.4426188197767145
2000-07-31 00:00:00+00:00,7.911209677419355,7.687291589870769,8.408064516129032,,6.922230203140697,,7.5367741935483865,,,7.528803115390552
2000-08-31 00:00:00+00:00,7.936854838709678,7.8014170288302624,8.57741935483871,,6.766374514997852,,7.676774193548387,,,7.389777230160232
2000-09-30 00:00:00+00:00,7.900722222222223,7.688281950966959,8.681666666666667,,6.746312056737589,,7.622833333333333,,,7.509192848044629
2000-10-31 00:00:00+00:00,7.751612903225806,7.646565295468412,8.636290322580646,,6.95492961152376,,7.608870967741935,,,7.457214693625559
2000-11-30 00:00:00+00:00,7.802277777777777,7.475790930674264,8.359166666666667,,7.027388316207908,,7.51125,,,7.325679619998613
2000-12-31 00:00:00+00:00,7.752150537634408,7.561151087752064,7.694354838709677,,6.084731182795699,,7.733145161290322,,,7.2768210164199125
2001-01-31 00:00:00+00:00,7.930107526881721,7.472331291020807,7.571774193548387,,6.047379032258065,,7.739112903225807,,,7.450682382133995
2001-02-28 00:00:00+00:00,8.039285714285715,7.511366361243209,7.5249999999999995,,5.895461309523809,,7.6499999999999995,7.78,,7.390994545591516
2001-03-31 00:00:00+00:00,8.144086021505377,7.439436848375947,7.608064516129032,8.18,6.939856950844854,,7.5562903225806455,7.735714285714286,,7.660789147185581
2001-04-30 00:00:00+00:00,8.012555555555556,7.541860288139125,8.214166666666666,8.154347826086957,6.9688185795685795,,7.827916666666667,7.65,,7.485655747761011
2001-05-31 00:00:00+00:00,7.953763440860215,7.648075071614227,8.337096774193547,7.686111111111111,6.922132159728068,,7.588817204301075,7.953333333333333,,7.387820960024695
2001-06-30 00:00:00+00:00,8.023055555555555,7.468686834810616,8.469166666666666,7.72,6.8919445520579865,7.243333333333334,7.556666666666667,7.755,,7.384412121212121
2001-07-31 00:00:00+00:00,7.858172043010753,7.612116435568171,8.845161290322581,7.790322580645161,7.1232253614297205,6.963440860215054,7.7938709677419356,7.448387096774193,,7.38539095539435
2001-08-31 00:00:00+00:00,7.960376344086021,7.593482180410309,8.721774193548388,8.13225806451613,7.12330471437033,7.155913978494624,7.774596774193548,7.259677419354839,,7.474266707825281
2001-09-30 00:00:00+00:00,7.781333333333333,7.441853880751932,8.697499999999998,8.21,7.320179466963591,7.4366666666666665,7.74736111111111,7.183333333333334,,7.320440248348143
2001-10-31 00:00:00+00:00,7.727688172043011,7.508802815052538,8.754838709677419,6.95,7.2550901703072945,,7.868238213399504,7.5249999999999995,,7.201684286410941
2001-11-30 00:00:00+00:00,7.7266666666666675,7.575952451124865,8.489166666666668,,7.361533796587343,,7.795314685314685,7.671666666666667,,7.382480952380953
2001-12-31 00:00:00+00:00,7.875645161290323,7.377401922729461,7.924193548387097,,6.997842747549878,,7.857816377171216,7.764516129032257,,7.183483768503543
2002-01-31 00:00:00+00:00,7.853844086021505,7.5013753898431315,7.456451612903226,,6.55371361872423,,7.995781637717122,7.851612903225806,,7.262377987038429
2002-02-28 00:00:00+00:00,7.947066326530612,7.492608801183309,7.452678571428571,,6.449195158428028,,7.975274725274725,8.196428571428571,,7.5128517600820235
2002-03-31 00:00:00+00:00,7.933870967741936,7.5948170029383455,7.453225806451614,7.85,6.885680166607586,,8.096898263027295,7.9,,7.6057777875774475
2002-04-30 00:00:00+00:00,7.885327380952381,7.578025319925434,8.055,8.134166666666667,6.880223891376571,,7.861282051282051,7.596666666666667,,7.554649532923217
2002-05-31 00:00:00+00:00,7.868548387096775,7.6352022935714,8.346774193548388,8.07983870967742,6.521036990016735,,7.7646063613805545,7.837096774193548,,7.502554386412289
2002-06-30 00:00:00+00:00,7.877466422466423,7.530874309548523,8.02,7.740833333333333,6.811717062288347,,7.728526288526289,7.278333333333333,,7.5765153582609726
2002-07-31 00:00:00+00:00,8.16001976431477,7.451704901271449,8.333870967741936,7.774193548387097,6.956735457156214,,7.74467177983307,7.329032258064516,,7.3399410308926445
2002-08-31 00:00:00+00:00,8.219294411147299,7.53824778795761,8.666666666666666,7.933064516129033,6.8841759611745585,,7.778208887886307,7.525806451612904,,7.140021761392728
2002-09-30 00:00:00+00:00,8.1321063824323,7.43708833505256,9.285,8.2475,6.79845397792353,,7.755967365967366,7.288333333333333,,6.951097578347578
2002-10-31 00:00:00+00:00,8.049838675205212,7.419915387557744,9.412903225806453,8.770967741935483,6.5634496583013515,,7.773065644033386,7.666129032258064,,7.219081051775549
2002-11-30 00:00:00+00:00,7.826076007326007,7.433467577108882,8.954166666666667,9.013461538461538,6.565045513482046,,7.7064335664335655,7.948333333333333,,7.355036231884058
2002-12-31 00:00:00+00:00,7.825499231950845,7.4017679900744415,8.223387096774195,,6.135564067953896,,7.887344913151365,7.669354838709677,,7.4048534956504595
2003-01-31 00:00:00+00:00,7.836251920122888,7.442557629373899,8.14758064516129,,6.082272089761571,,7.859925558312655,7.841129032258064,,7.255280977982591
2003-02-28 00:00:00+00:00,7.891977040816327,7.451295508838987,8.185714285714285,,6.430846774193548,,7.784940476190476,8.19702380952381,,7.111579888365603
2003-03-31 00:00:00+00:00,7.88010752688172,7.491330333061049,8.093333333333334,8.218421052631578,6.597368117556106,,7.8993548387096775,7.901612903225806,,7.076373000813228
2003-04-30 00:00:00+00:00,8.025849033816424,7.58642052070313,8.309166666666666,7.955,6.794509445166674,,7.939444444444445,8.372777777777777,,7.129910052910053
2003-05-31 00:00:00+00:00,8.046823908684898,7.529372483553029,8.36209677419355,7.9,6.856738815441627,,7.732260624679979,8.10483870967742,,7.168999755114762
2003-06-30 00:00:00+00:00,8.074030319295067,7.4908202191752915,8.667499999999999,7.864999999999999,6.567474131287089,,7.823888888888889,7.556666666666667,,7.336811594202898
2003-07-31 00:00:00+00:00,8.115752152323795,7.484423644167781,9.243548387096775,8.004032258064516,6.975785975904821,,7.704623655913979,7.456451612903226,,7.209849547367078
2003-08-31 00:00:00+00:00,8.184585170682915,7.61596080379986,9.370967741935484,8.188709677419356,7.032675188921069,,7.7713440860215055,7.438709677419355,,7.418414083430671
2003-09-30 00:00:00+00:00,8.165511940775554,7.466244297997521,9.016379310344828,8.331666666666667,6.926367929627991,,7.642444444444445,7.965,,7.367603330599494
2003-10-31 00:00:00+00:00,8.15082263746296,7.445944250933732,8.21111111111111,8.5,6.723903047250696,,7.776651305683564,7.820967741935483,,7.459410820112807
2003-11-30 00:00:00+00:00,8.04551500834644,7.372557333085593,8.61111111111111,,6.550367389060887,,7.694999999999999,8.1,,7.429155372626531
2003-12-31 00:00:00+00:00,7.884846189356577,7.457004962779156,8.401666666666667,,5.801293750816247,,7.934569892473118,8.108064516129032,,7.33126967714486
2004-01-31 00:00:00+00:00,7.8144294138050645,7.437741809616283,8.085714285714285,,5.958266129032259,,7.842025089605735,7.733870967741935,,6.729362669799103
2004-02-29 00:00:00+00:00,7.790856288192959,7.319674777995618,7.840229885057472,,6.3277011494252875,,7.929367816091953,7.204545454545454,,7.018964588487915
2004-03-31 00:00:00+00:00,7.866154857086628,7.4485165605782715,7.890322580645161,8.290625,6.920989232541651,,7.7480798771121355,7.187096774193549,,7.1578155025451045
2004-04-30 00:00:00+00:00,8.026635992854013,7.427698364920104,8.476666666666667,8.144166666666667,6.9568778998779,,7.881555555555555,7.97,,7.412594449228933
2004-05-31 00:00:00+00:00,8.07757445684735,7.326617169880143,8.223655913978495,8.032795698924732,6.866266334563838,,7.870028949545079,8.356451612903227,,7.25399838759683
2004-06-30 00:00:00+00:00,8.10840990550668,7.381943618473031,7.974444444444445,7.8305,6.923640719445673,,7.802927350427351,8.161666666666667,,7.552810117368012
2004-07-31 00:00:00+00:00,8.182361176804465,7.507076436681048,8.039506172839506,7.776881720430108,6.8400177864014875,,7.846799007444169,7.980645161290322,,7.219863780268675
2004-08-31 00:00:00+00:00,8.207895815596128,7.505817862824504,8.449462365591398,7.942741935483871,6.875042444821731,,7.871397849462365,7.076666666666667,,7.169126098595509
2004-09-30 00:00:00+00:00,8.121086729362592,7.565720854067536,7.995833333333334,7.9275,6.790166782372923,7.233333333333333,7.851460317460318,6.622413793103449,,7.166789819376026
2004-10-31 00:00:00+00:00,7.897907759893735,7.590727552017875,7.947777777777778,7.925000000000001,6.836273391757754,,7.565412186379929,,,7.242193548387097
2004-11-30 00:00:00+00:00,7.7302070890480685,7.512103694678065,7.528,7.985,6.9491268996269,,7.585611111111111,,,7.273626877470355
2004-12-31 00:00:00+00:00,7.907652890400677,7.624020236425566,7.227083333333333,8.05,6.3391214157706095,,7.66743522279497,,,6.766244751664107
2005-01-31 00:00:00+00:00,7.764466288686368,7.598174423052403,6.2275362318840575,,6.246250989154215,,7.574756478194509,,,6.64227761485826
2005-02-28 00:00:00+00:00,7.7826514306949095,7.549535855448899,6.853571428571429,,6.374952981192477,,7.701008626639061,,,7.172023809523809
2005-03-31 00:00:00+00:00,7.815039285508925,7.658579170530783,6.522222222222222,8.123333333333333,6.801962852332708,,7.778328993134332,,,7.062795698924731
2005-04-30 00:00:00+00:00,7.791375661375661,7.748462108262108,7.997619047619048,8.133777777777777,6.797327666913033,,7.727271179225202,,,7.290216931216931
2005-05-31 00:00:00+00:00,7.768008192524321,7.7210462273688085,8.451282051282051,7.936827956989247,7.01603704227058,7.8,7.629900589131958,,,7.353993855606759
2005-06-30 00:00:00+00:00,8.010543209876543,7.716728743961353,7.778160919540229,7.798055555555555,7.11100020040004,8.066666666666668,7.561694837261504,,,7.345873015873016
2005-07-31 00:00:00+00:00,7.940533514604705,7.66349282200731,7.882795698924731,7.916666666666666,7.067782548992226,7.610000000000001,7.605317204301076,,,7.105212322105361
2005-08-31 00:00:00+00:00,7.9552365876615045,7.695142082529179,7.914942528735632,8.070752688172043,7.182110401593038,7.668100358422939,7.576404420549582,,,7.06689708141321
2005-09-30 00:00:00+00:00,7.906584770114943,7.716473410422213,8.08095238095238,7.955,7.22304380992163,7.670740740740741,7.596672839506173,,,7.112271765271766
2005-10-31 00:00:00+00:00,7.986952581057142,7.698613329919782,8.21888888888889,8.334677419354838,7.161895544018458,7.567562724014336,7.630028588496331,,,6.791457979626485
2005-11-30 00:00:00+00:00,7.880269098100021,7.662887035187036,8.244444444444444,8.433333333333332,7.123035475858752,8.065,7.605743209876542,,,7.157270486579697
2005-12-31 00:00:00+00:00,7.85899028282678,7.600251411032835,7.868888888888889,,7.007517428807751,7.94247311827957,7.69742937890302,,,7.140113730355666
2006-01-31 00:00:00+00:00,7.764757375762435,7.714176468198715,7.880555555555556,,6.731761786600496,8.48735632183908,7.809462962962963,,,7.072406947890819
2006-02-28 00:00:00+00:00,7.928492205204461,7.733323070607554,,,6.699663265306122,9.066666666666666,7.858792328042328,,,7.2618818681318675
2006-03-31 00:00:00+00:00,7.824935782542825,7.6540253058954395,7.875,8.56,7.194627363737486,8.80595238095238,7.780114315194961,,,7.165618210312608
2006-04-30 00:00:00+00:00,7.834313840141514,7.676724137931035,7.95,8.289166666666667,7.293795795795796,7.764259259259259,7.67688973063973,,,7.426714513556619
2006-05-31 00:00:00+00:00,7.867485173936787,7.71738241128953,8.219354838709679,7.995967741935484,7.184697712889761,7.914336917562724,7.56526284348865,,,7.095235568760611
2006-06-30 00:00:00+00:00,7.947655743979273,7.640862068965517,7.972777777777778,8.013793103448275,7.135635928943382,7.697962962962963,7.651374484318688,,,7.108238490164806
2006-07-31 00:00:00+00:00,8.004749002813519,7.698702956989248,8.144086021505377,8.16346153846154,7.100989714871699,7.7820788530465945,7.550015405031493,,,7.277499555339963
2006-08-31 00:00:00+00:00,8.182424136086375,7.708396548502098,8.381666666666668,8.251612903225807,7.344237361498475,7.937275985663082,7.612894045645798,6.946428571428571,,7.2138064516129035
2006-09-30 00:00:00+00:00,8.048602731690966,7.707715075220753,8.41,8.28,7.265335244335245,7.9618518518518515,7.69870579710145,6.875,,7.629607655502393
2006-10-31 00:00:00+00:00,7.992617978633159,7.559902329749104,8.6247311827957,7.924479166666666,7.055571072717532,7.823655913978494,7.8297611662531015,6.247311827956989,,7.854569892473118
2006-11-30 00:00:00+00:00,7.927265881265881,7.566731481481481,8.799444444444445,,6.793451785714286,7.71611111111111,7.785160256410256,7.22,,8.124444444444444
2006-12-31 00:00:00+00:00,7.934644636768948,7.583853834337705,8.488172043010753,,6.682695446279821,8.621505376344086,7.819411703887511,7.148387096774194,,8.160394265232975
2007-01-31 00:00:00+00:00,8.013023060640304,7.510559870602333,8.220430107526882,,6.508538899430739,8.226436781609195,7.852853598014888,6.309677419354839,,7.9456989247311824
2007-02-28 00:00:00+00:00,8.054513016098381,7.697257689713816,8.035714285714286,,6.512725090036015,7.3999999999999995,7.966208791208792,6.1119047619047615,,8.175
2007-03-31 00:00:00+00:00,7.965091739442644,7.606661722901991,8.038194444444445,,6.8919667644183775,7.788709677419354,7.893478457026844,6.9107526881720425,,8.02410394265233
2007-04-30 00:00:00+00:00,7.9961371719421255,7.564054042285938,8.110555555555555,8.238888888888889,7.091814814814814,7.839166666666666,7.890551282051281,7.456666666666666,,8.108055555555556
2007-05-31 00:00:00+00:00,8.068598126662643,7.537663247229432,8.04247311827957,8.251612903225807,7.191142352895917,7.979784946236559,7.695713963455899,7.229032258064516,,8.035645161290322
2007-06-30 00:00:00+00:00,8.054609837952462,7.549592585849933,7.883333333333334,8.169166666666666,7.249279983164361,7.918833333333334,7.636701631701632,7.006666666666666,,8.012333333333334
2007-07-31 00:00:00+00:00,8.148357421322935,7.499415322580645,8.122580645161289,8.033064516129032,7.435871102735139,8.021290322580645,7.626228287841191,5.922580645161291,,8.061505376344085
2007-08-31 00:00:00+00:00,8.135779212887845,7.560205453149002,8.336021505376344,8.076612903225806,7.471402183234397,8.083440860215054,7.600553926360378,5.55483870967742,,7.771827956989248
2007-09-30 00:00:00+00:00,8.17281759417789,7.601493055555555,8.519444444444444,8.226666666666667,7.520036163625891,8.073333333333332,7.579003496503497,5.608333333333333,,7.790166666666667
2007-10-31 00:00:00+00:00,8.12372646329003,7.638340053763441,8.443010752688172,8.332258064516129,7.437656810054194,7.814638318670577,7.794463399503722,6.40483870967742,,7.646989247311828
2007-11-30 00:00:00+00:00,8.178532422532422,7.638084595959596,8.653333333333332,8.496875000000001,7.438934880833854,7.927444444444444,7.9107871295371295,6.956666666666666,,7.99787037037037
2007-12-31 00:00:00+00:00,7.823385297370117,7.645262766846404,8.223655913978495,,7.32503586462558,7.880197132616488,7.978245746189295,7.05,,7.978136200716846
2008-01-31 00:00:00+00:00,7.852188439374497,7.745161290322581,7.916666666666667,,7.348494623655914,7.988709677419355,8.037353775257001,6.75,,7.9215053763440855
2008-02-29 00:00:00+00:00,7.795428900357906,7.622656465938585,7.81551724137931,,7.11972263868066,7.878544061302683,7.941306538289297,7.0874999999999995,,8.195977011494254
2008-03-31 00:00:00+00:00,7.922556959551866,7.676655449130713,7.858064516129032,,7.5045368943300215,7.723451100870456,7.968548387096774,7.03125,,8.106989247311828
2008-04-30 00:00:00+00:00,7.960766162427638,7.728083439054028,8.189880952380951,8.067391304347826,7.603879837095098,7.730664983164983,7.805844155844156,7.0216666666666665,8.007246376811594,8.233888888888888
2008-05-31 00:00:00+00:00,7.958149866064287,7.707173119545036,8.416666666666668,8.0,7.451966078769736,7.581336405529954,7.6685867895545305,7.088709677419355,7.8247311827956985,8.052150537634407
2008-06-30 00:00:00+00:00,8.045518032103399,7.801055341055341,8.175555555555556,8.270000000000001,7.560896310459352,7.865801106301106,7.547983405483405,7.066666666666666,7.8966666666666665,7.810888888888888
2008-07-31 00:00:00+00:00,8.020874332693765,7.834085729467608,8.244623655913978,8.270967741935483,7.618135254663268,7.962401433691756,7.629147465437788,6.808064516129032,7.633333333333333,7.957043010752688
2008-08-31 00:00:00+00:00,8.055939999567846,7.71358685093149,8.227956989247312,8.251785714285713,7.712550804755551,8.049325889164598,7.700604838709677,6.351612903225806,7.590322580645162,7.957795698924731
2008-09-30 00:00:00+00:00,8.08065359281819,7.64253380525807,8.334444444444445,8.216666666666667,7.647429203696916,8.066222222222223,7.781666666666666,5.987777777777778,7.575555555555555,7.910055555555555
2008-10-31 00:00:00+00:00,8.035497498723306,7.530754881293141,8.124193548387096,8.23125,7.5610315625013635,8.057598566308243,7.882056451612903,6.033333333333333,7.806451612903226,7.933763440860215
2008-11-30 00:00:00+00:00,7.9686875861875865,7.467269778118395,8.34388888888889,,7.471666666666667,8.019166666666667,7.743929195804196,6.068888888888889,7.8822222222222225,8.07137037037037
2008-12-31 00:00:00+00:00,7.890120302135286,7.523997511596422,8.136021505376345,,7.362485605840445,7.901612903225806,7.894866625310174,5.770430107526882,7.699999999999999,8.209856630824373
2009-01-31 00:00:00+00:00,7.878152594281627,7.677769553870272,7.810752688172043,,7.305017921146953,7.8120071684587815,7.973721641261964,6.166129032258064,7.818279569892473,7.68853046594982
2009-02-28 00:00:00+00:00,7.858578525721383,7.922585052447003,7.797619047619048,,7.3694444444444445,8.177777777777779,7.958705357142857,6.317857142857143,8.122619047619049,7.520634920634921
2009-03-31 00:00:00+00:00,7.961148996239476,8.038577031369813,7.83494623655914,,7.680954135881833,8.05116487455197,7.976209677419354,6.343010752688172,8.11111111111111,7.743297491039426
2009-04-30 00:00:00+00:00,8.038009126955533,7.666364596162343,7.904444444444445,8.238888888888887,7.585657831167497,7.782111111111111,7.949358974358974,6.612222222222223,7.982222222222222,7.692888888888889
2009-05-31 00:00:00+00:00,8.078318595092789,7.447474647000943,8.167901234567902,8.220967741935484,7.487268184441587,7.652708653353814,7.780241935483871,6.791935483870968,7.7924731182795695,7.5801433691756275
2009-06-30 00:00:00+00:00,8.140415595368157,7.700521915937143,8.081666666666667,8.036666666666667,7.496046878512141,7.851100529100529,7.699136904761905,6.717777777777778,7.676666666666667,7.586888888888889
2009-07-31 00:00:00+00:00,8.203008070104845,7.7772961176243856,8.05268817204301,8.17258064516129,7.660762123665349,8.023563748079876,7.62300307219662,6.752688172043011,7.669892473118279,7.703136200716846
2009-08-31 00:00:00+00:00,8.146057347670252,7.90074782749389,8.238172043010753,8.266129032258064,7.512364162629714,7.88552483358935,7.625883256528418,6.743010752688172,7.490322580645161,7.656236559139785
2009-09-30 00:00:00+00:00,8.08431514466499,7.915081379553246,8.49425287356322,8.126666666666667,7.6442801495678205,7.894046296296296,7.664686147186147,6.755,7.581111111111111,7.624074074074074
2009-10-31 00:00:00+00:00,8.008301725884234,7.887964207415306,8.338333333333335,8.157142857142857,7.476225706510884,7.608448540706605,7.662086300795978,6.979032258064516,7.749462365591398,7.6567741935483875
2009-11-30 00:00:00+00:00,7.984358974358974,7.552166247142436,8.288505747126438,,7.4383618538324425,7.55031746031746,7.810204725829726,6.958333333333333,7.831111111111111,7.855
2009-12-31 00:00:00+00:00,7.831816924047451,7.732061847163321,8.170967741935483,,7.414113607019783,7.459959037378392,8.022688400309368,6.863440860215054,7.850537634408602,7.801433691756272
2010-01-31 00:00:00+00:00,7.745016743333748,7.731278776766663,7.816666666666666,,7.418637992831541,7.283512544802868,7.99517089093702,6.9215053763440855,8.034408602150538,7.620071684587814
2010-02-28 00:00:00+00:00,7.7862608369751225,7.6459506549328315,7.858928571428571,,7.402512626262626,7.3930952380952375,7.983652210884354,6.904761904761904,8.184523809523808,7.68015873015873
2010-03-31 00:00:00+00:00,7.8821652918427105,7.7829519527991735,7.8715053763440865,,7.433159129243095,7.485463389656938,7.989425292449486,7.379569892473118,8.021505376344086,7.642652329749104
2010-04-30 00:00:00+00:00,7.843749095199673,7.833815866301285,8.206111111111111,8.471428571428572,7.48476232254767,7.795231481481482,7.994578754578755,7.48,8.03888888888889,7.8837777777777776
2010-05-31 00:00:00+00:00,7.987130306485145,7.843715636178496,8.198387096774194,8.27741935483871,7.462194693794702,7.589592933947773,7.88649193548387,7.494086021505376,7.837634408602151,7.698673835125448
2010-06-30 00:00:00+00:00,8.014449553361493,7.945705846896888,8.149999999999999,8.216666666666667,7.579612028031181,7.7217063492063485,7.777767857142858,7.510555555555555,7.760000000000001,7.553703703703704
2010-07-31 00:00:00+00:00,8.035648827779177,7.902679424631648,8.143010752688172,8.229545454545455,7.624037538881085,7.799327956989248,7.751382488479263,7.539784946236559,7.705376344086022,7.655878136200718
2010-08-31 00:00:00+00:00,8.14209950236152,7.8511111641151,8.19731182795699,8.026315789473685,7.658811959087333,7.712173579109064,7.803427419354839,7.415591397849462,7.645161290322581,7.604408602150538
2010-09-30 00:00:00+00:00,8.121898153213943,7.842215925675761,8.16388888888889,7.941071428571428,7.640120407533189,7.696084656084656,7.771249999999999,6.9433333333333325,7.6866666666666665,7.61025925925926
2010-10-31 00:00:00+00:00,7.906229323602963,7.902565858779902,8.239506172839507,7.75,7.504558159958351,7.734991039426523,7.851296082949309,6.980645161290322,7.821505376344086,7.567409114183308
2010-11-30 00:00:00+00:00,7.898185362350068,7.851104023458393,8.317816091954024,,7.522011442083279,7.792056878306878,7.88375,7.754166666666666,7.914444444444444,7.7555555555555555
2010-12-31 00:00:00+00:00,7.814298139526049,7.988428341830139,7.96236559139785,,7.307866815874406,7.605075524833589,7.942165898617511,7.65241935483871,8.019193548387097,7.582258064516129
2011-01-31 00:00:00+00:00,7.882917584986308,7.9137255339436265,7.790860215053764,,7.405531117627892,7.635765488991296,7.974193548387096,7.650806451612904,8.130967741935484,7.700537634408602
2011-02-28 00:00:00+00:00,7.902165491800585,7.995614367172114,7.713095238095238,,7.348084943511773,7.537246565292784,7.900765306122449,7.527678571428572,8.158392857142855,7.811964285714287
2011-03-31 00:00:00+00:00,7.827775480194836,7.925198473272144,7.655376344086021,8.35,7.411409079294852,7.3571172555043525,8.052073732718894,7.565322580645161,8.13225806451613,7.890860215053764
2011-04-30 00:00:00+00:00,7.834267568850902,8.00485842625372,7.737777777777778,8.314473684210526,7.438499220364502,7.485641534391535,7.953181818181818,7.85,8.098,7.738736772486773
2011-05-31 00:00:00+00:00,7.8903555390763405,7.939925811254234,8.066129032258065,8.268548387096773,7.450627604669121,7.526316350913126,7.9573942186845406,7.773387096774194,7.8909677419354844,7.658126386755419
2011-06-30 00:00:00+00:00,7.892823762174487,7.908781037027751,8.032777777777778,8.167499999999999,7.594287848552802,7.638873456790123,7.995863095238096,7.75,7.8694444444444445,7.771740740740741
2011-07-31 00:00:00+00:00,7.871597968936678,7.916038182797674,7.917741935483871,8.057258064516128,7.65847610745996,7.668859873698583,7.888957838756226,7.786290322580645,8.098924731182796,7.992274356467905
2011-08-31 00:00:00+00:00,7.9373795248187085,8.143304223718296,7.981182795698924,8.133064516129032,7.648964204417469,7.716009557945041,7.611559139784947,7.998655913978495,7.950537634408602,7.993577712609971
2011-09-30 00:00:00+00:00,7.84154938271605,8.147678220178866,8.325,8.270833333333334,7.482459958579705,7.6508252525252525,7.7496825396825395,7.752222222222222,7.947222222222222,7.933212121212121
2011-10-31 00:00:00+00:00,7.866397881153165,8.06237238598171,8.489247311827958,8.463709677419354,7.510182884674602,7.673631476050831,7.902995391705069,8.062068965517241,8.04378648233487,7.8709775171065495
2011-11-30 00:00:00+00:00,7.823936387686388,8.110469682952305,8.65611111111111,8.575,7.458472047714628,7.497152255639097,7.8551812770562774,8.118390804597702,8.097690476190476,7.929907407407408
2011-12-31 00:00:00+00:00,7.942509245790669,7.927080396951557,8.383870967741936,,7.362775269366792,7.406899641577061,7.984274193548386,8.196666666666667,8.108256528417819,7.82270935158032
2012-01-31 00:00:00+00:00,7.873072052201085,7.813753920095287,8.005376344086022,,7.365784394816653,7.507741935483871,8.071370967741936,8.272413793103448,8.150089605734767,7.950609318996415
2012-02-29 00:00:00+00:00,7.977215078358257,7.629909473738871,7.795402298850575,,7.535433316308879,7.833716475095786,8.049784482758621,8.135897435897435,8.19749589490969,8.045606641123882
2012-03-31 00:00:00+00:00,7.870894730743258,7.5845313654501645,7.943548387096774,8.369,7.601355523627145,7.708115719406042,7.910887096774193,8.154545454545454,8.181720430107527,7.922437275985663
2012-04-30 00:00:00+00:00,7.824463831230498,7.724223863654713,8.432222222222222,8.370734126984127,7.710894726921614,7.818888888888889,7.880208333333333,8.244444444444444,8.245555555555557,8.211675084175084
2012-05-31 00:00:00+00:00,7.9582663919375,7.889122375143981,8.412903225806453,8.253629032258065,7.485330145902736,7.6582757296466974,7.808179723502303,8.242857142857142,8.013440860215054,7.984041490170522
2012-06-30 00:00:00+00:00,7.926909722222223,8.052939686165377,8.238333333333333,8.202777777777778,7.566435409415644,7.8151785714285715,7.752218406593406,8.104444444444445,7.988888888888889,8.00648467581801
2012-07-31 00:00:00+00:00,7.919542917120782,7.735137453819124,8.183333333333334,8.212231182795698,7.602252840306112,7.6674731182795695,7.723313782991202,8.06236559139785,7.9551254480286735,7.938765884652981
2012-08-31 00:00:00+00:00,7.976226783968719,7.744270711525126,8.384408602150538,8.330913978494623,7.618863402511094,7.712000768049156,7.6490783410138246,8.045555555555556,7.897795698924732,7.964376394215104
2012-09-30 00:00:00+00:00,7.965230429292929,7.913745954423998,8.46888888888889,8.293888888888889,7.569749970403809,7.780965608465609,7.637291666666667,8.077380952380953,7.887111111111111,7.943198005698006
2012-10-31 00:00:00+00:00,7.909266287160025,7.840916726770768,8.50752688172043,8.356989247311828,7.566352413082878,7.6654569892473114,7.673646313364055,7.925806451612903,7.871756272401433,7.936434819660627
2012-11-30 00:00:00+00:00,7.870049219618185,7.939567757871344,8.692777777777776,8.36923076923077,7.526991238299102,7.447112366015627,7.709307359307359,8.070833333333333,7.915259259259259,8.06005451955452
2012-12-31 00:00:00+00:00,7.7786993711187264,7.967163410752446,8.505913978494624,,7.443977906122789,7.580917392046424,7.778830645161291,8.013978494623656,8.050752688172043,7.922038937764744
2013-01-31 00:00:00+00:00,7.917325684758944,7.935728653886186,8.068817204301075,,7.385326232906879,7.527270865335381,7.829032258064516,8.159139784946237,8.056129032258065,7.895299112476532
2013-02-28 00:00:00+00:00,7.956994617770479,8.040068154248583,7.884523809523809,,7.419721250971251,7.453731826063759,7.796771978021979,8.22820512820513,8.03595238095238,7.919641439909297
2013-03-31 00:00:00+00:00,7.945791620318873,8.137592332221846,7.847849462365591,8.311794871794872,7.626352311442463,7.496909882232464,7.788523573200992,8.221505376344087,8.096989247311829,7.997640382317801
2013-04-30 00:00:00+00:00,7.892569681773789,8.005892500073266,8.107407407407408,8.391055555555555,7.690015038882686,7.529141975308642,7.720872044622045,8.116666666666667,8.093222222222222,7.9997861952861955
2013-05-31 00:00:00+00:00,7.89216032649619,7.9575500798302405,8.113351254480287,8.174193548387096,7.589657856399386,7.57568697729988,7.6664458525345625,8.157777777777778,8.04752688172043,8.076547735418703
2013-06-30 00:00:00+00:00,7.911566561978327,8.018043643622423,8.064351851851852,8.15125,7.52133566587287,7.563592592592593,7.560843253968254,8.124444444444444,7.947962962962963,7.895176767676768
2013-07-31 00:00:00+00:00,7.983535750566111,7.9352460513767005,8.220161290322581,8.151382488479262,7.5594135562251275,7.571362007168458,7.606221198156682,8.028735632183908,7.938835125448029,7.837792607631317
2013-08-31 00:00:00+00:00,7.935804708034003,8.022079821244477,8.35510752688172,8.010253456221198,7.647456711011153,7.57326164874552,7.58623359167714,7.9752688172043005,7.980645161290322,8.009778178810437
2013-09-30 00:00:00+00:00,7.863124777565955,7.964784117757388,8.350277777777778,7.986944444444444,7.67805739315815,7.601070987654321,7.653928571428571,7.94022988505747,7.9132785409035415,7.961334369334369
2013-10-31 00:00:00+00:00,7.863610384578127,7.848049138713656,8.345698924731185,8.199059139784946,7.6076494057351445,7.605528673835125,7.674376832844575,7.903846153846154,7.762566564260113,7.943333760027309
2013-11-30 00:00:00+00:00,7.906380137984003,7.562462725785592,8.735185185185184,8.260526315789473,7.612531194025155,7.665709876543209,7.714759615384616,,7.795416666666667,8.071175084175085
2013-12-31 00:00:00+00:00,7.895656365043416,7.618254073705427,8.133333333333333,,7.397396360587104,7.356197729988053,7.781742048274307,,7.7929787506400405,8.085923637294606
2014-01-31 00:00:00+00:00,7.925893216722506,7.757292162422767,7.6499999999999995,,7.429877112135177,7.4303699436763955,7.926785714285715,,7.7483934971838195,8.011321471240826
2014-02-28 00:00:00+00:00,7.778993374028319,7.8838239692100345,7.59506172839506,,7.401761121115113,7.323592214663643,7.957589285714286,,7.713931405895692,7.900992063492063
2014-03-31 00:00:00+00:00,7.82972380978135,7.832848598304627,7.595402298850574,,7.419279952911916,7.471838197644649,7.877649769585253,,7.738535586277521,8.01324244751664
2014-04-30 00:00:00+00:00,7.851888866531282,7.75124858132045,7.854444444444444,8.4325,7.469617097091361,7.462077160493828,7.797142857142857,,7.8025119047619045,8.011772727272726
2014-05-31 00:00:00+00:00,7.8314071833172,7.7161814889492595,8.146774193548387,8.309677419354838,7.412542116526936,7.406571087216248,7.645622119815668,,7.789900153609831,7.948758553274682
2014-06-30 00:00:00+00:00,7.929629800853486,7.573884899053186,7.837777777777777,8.19,7.4879969809851135,7.564111111111112,7.649152930402931,,7.659365079365079,7.85112962962963
2014-07-31 00:00:00+00:00,7.853562732561785,7.677470199492436,7.983333333333333,8.085483870967742,7.581755762761455,7.600379330943847,7.738709677419355,7.4062222222222225,7.702476958525346,8.099940262843488
2014-08-31 00:00:00+00:00,7.796309148102623,7.747925380979295,8.060215053763441,8.241935483870968,7.596631486460708,7.596129032258064,7.639170506912443,7.419139784946236,7.739036098310292,7.963307266210491
2014-09-30 00:00:00+00:00,7.771751322751323,7.696496516719602,8.13888888888889,8.375,7.6293545926879265,7.647067901234568,7.638333333333334,7.388722222222222,7.772003968253968,7.942553310886644
2014-10-31 00:00:00+00:00,7.792297144479308,7.675199184158113,8.393548387096773,8.424999999999999,7.544937158493356,7.465415173237754,7.593835197061003,7.415591397849462,7.766487455197133,7.883440860215053
2014-11-30 00:00:00+00:00,7.8784997262624,7.750329382904121,8.435,,7.5380779927971,7.617932098765432,7.733461538461539,7.506314814814815,7.887407407407407,7.971111111111111
2014-12-31 00:00:00+00:00,7.71671387105864,7.810328925675717,8.091397849462366,,7.366283790880566,7.48013440860215,7.755558312655087,7.458960573476702,7.889976958525346,7.926986260454003
2015-01-31 00:00:00+00:00,7.770549929697876,7.67908638712002,8.01021505376344,,7.323155207993918,7.547750213346988,7.90060794044665,7.313261648745519,7.894444444444445,7.8580956647892135
2015-02-28 00:00:00+00:00,7.837476328423698,7.691183176915815,7.982142857142857,,7.385793135435992,7.500855158730159,7.868901098901099,7.396825396825397,7.895238095238095,7.919295634920635
2015-03-31 00:00:00+00:00,7.900598996921838,7.587860155307202,8.080645161290322,8.44,7.348449618670332,7.368727939921488,7.78100609068351,7.440770609318997,7.921966205837173,7.772926267281106
2015-04-30 00:00:00+00:00,7.887985154127182,7.636034170453859,8.617777777777778,8.295833333333333,7.453984939063441,7.3801604938271606,7.784848484848484,7.532388888888889,7.839738095238095,7.9376851851851855
2015-05-31 00:00:00+00:00,7.841596506164665,7.433393587451436,8.233870967741936,8.263709677419355,7.496184091443699,7.534050179211469,7.603897110953563,7.611935483870968,7.765386584741424,8.003256489627457
2015-06-30 00:00:00+00:00,7.780119139736787,7.4731064456043885,8.05888888888889,8.1675,7.3944015830346475,7.453951851851852,7.625029761904761,7.5615132275132275,7.66431746031746,7.703359147025814
2015-07-31 00:00:00+00:00,7.737452995517511,7.664817125491341,8.179032258064517,8.308870967741935,7.457491039426523,7.465830346475508,7.6598325062034744,7.442252944188428,7.7063236047107,7.796701422830456
2015-08-31 00:00:00+00:00,7.786304775536275,7.745963976271194,8.353225806451613,8.416935483870969,7.55443604702158,7.590245775729646,7.609014976958525,7.390663082437276,7.729339477726574,7.958347996089931
2015-09-30 00:00:00+00:00,7.766486486486487,7.865774687210123,8.206111111111111,8.398333333333333,7.561777777777778,7.481604938271604,7.638660714285715,7.417343915343915,7.768492063492063,7.893223905723905
2015-10-31 00:00:00+00:00,7.84183440172302,7.819640212942404,8.222043010752689,8.42258064516129,7.478302372227279,7.467132616487455,7.699765959846605,7.435115207373271,7.832232462877624,7.922374024878768
2015-11-30 00:00:00+00:00,7.914902489619208,7.529714252144725,8.479444444444445,,7.403819296480854,7.577956349206349,7.728461538461539,7.411222222222222,7.782116402116402,7.941416617151912
2015-12-31 00:00:00+00:00,7.842141522327281,7.6593772573373275,8.499462365591398,,7.288693711719376,7.4192887011435396,7.733033498759305,7.417713773681516,7.812903225806451,7.959928315412187
2016-01-31 00:00:00+00:00,7.799127523108847,7.586632962217218,8.088172043010752,,7.22254426388552,7.412231182795699,7.791299627791563,7.418146441372248,7.77062980030722,7.898059328428598
2016-02-29 00:00:00+00:00,7.839790471051814,7.741570443749987,7.985057471264367,,7.210535979087753,7.314404305783616,7.906390520399141,7.454088669950739,7.892775041050903,7.908070607553366
2016-03-31 00:00:00+00:00,7.773007424415282,7.67322067442393,8.38225806451613,8.228260869565217,7.480105858364615,7.514671445639188,7.919278033794163,7.388996415770609,7.9445468509984645,7.908900060512964
2016-04-30 00:00:00+00:00,7.774907407407407,7.709052381266466,8.420740740740742,8.201666666666666,7.628284072315894,7.539716049382716,7.789047619047619,7.2780555555555555,7.984464285714285,7.990467564534231
2016-05-31 00:00:00+00:00,7.737966883934626,7.6866945040059464,8.343548387096776,8.259677419354839,7.533934618248725,7.420086618876941,7.827707373271889,7.369654377880185,7.907936507936508,7.958553274682307
2016-06-30 00:00:00+00:00,7.747372919478183,7.62608680658256,8.24851851851852,8.238333333333333,7.460874312187209,7.531493827160493,7.83547619047619,7.394391534391534,7.894229797979798,7.843222222222223
2016-07-31 00:00:00+00:00,7.770024813895781,7.782275200653254,8.137365591397849,8.314516129032258,7.4832075348968425,7.610919952210275,7.812205334987593,7.425887523468169,7.805670762928828,7.887232225130248
2016-08-31 00:00:00+00:00,7.771441273779983,7.724700301167094,8.105555555555556,8.362903225806452,7.469152578713746,7.600860215053763,7.735732009925558,7.441023212152244,7.765575396825397,7.826913218203541
2016-09-30 00:00:00+00:00,7.7906602564102565,7.72824116462043,8.267314814814815,8.34,7.507126355492692,7.587999999999999,7.642820512820513,7.372947971781304,7.765972222222222,7.910323232323233
2016-10-31 00:00:00+00:00,7.779236444049686,7.8075210882074755,8.378494623655914,8.379838709677419,7.504264675932796,7.467431714250402,7.743275434243176,7.44126472094214,7.881317204301075,7.861586836102965
2016-11-30 00:00:00+00:00,7.753118137338567,7.760403959818202,8.506296296296297,,7.584201561461979,7.60429012345679,7.800263403263403,7.370580687830687,7.884722222222223,7.898464646464647
2016-12-31 00:00:00+00:00,7.693718211298856,7.6189954352850116,8.137096774193548,,7.399972938070515,7.414590800477897,7.8507697947214075,7.375745007680491,7.83607910906298,7.96652897339682
2017-01-31 00:00:00+00:00,7.589214318205653,7.604143936154403,7.839784946236558,,7.276906158357771,7.365934886499402,7.931758966839612,7.36594982078853,7.819716170925849,7.7922427035330255
2017-02-28 00:00:00+00:00,7.59763410382074,7.63893040348897,7.852380952380953,,7.296029283296934,7.529535874178731,8.04463474025974,7.398778344671202,7.910034013605442,7.980950018896448
2017-03-31 00:00:00+00:00,7.658878161164191,7.771356286288999,8.130107526881721,8.2,7.532041964052153,7.512233020862053,7.899066095195128,7.441538231780167,7.865072964669738,8.082274786915786
2017-04-30 00:00:00+00:00,7.723730812072917,7.804217590557856,8.358888888888888,8.270000000000001,7.42116280720414,7.473301587301588,7.774962121212122,7.446745590828924,7.787916666666666,8.012959595959595
2017-05-31 00:00:00+00:00,7.725287835319856,7.915981330460718,8.410752688172044,8.118333333333332,7.398709915208494,7.377048984468339,7.665499097676517,7.443717784604881,7.790433521078683,7.809384164222874
2017-06-30 00:00:00+00:00,7.700778708977757,7.91269861760345,8.285555555555556,8.02,7.394891780370303,7.524937321937322,7.884153846153846,7.413322310405643,7.79371913580247,7.897092031425364
2017-07-31 00:00:00+00:00,7.800587024436355,7.858709052894683,8.243010752688171,8.035483870967743,7.35292695511192,7.570549581839905,7.896276707163803,7.347256784434204,7.794066820276497,7.843372434017595
2017-08-31 00:00:00+00:00,7.789164315567546,7.637938225385135,8.307526881720431,8.162903225806453,7.462405634243477,7.698697729988052,7.7267320000787745,7.382675797917733,7.7765552995391705,8.00509969623393
2017-09-30 00:00:00+00:00,7.778215858047523,7.498362178053229,8.41,8.191666666666666,7.444991577245802,7.60732905982906,7.753333333333333,7.446123456790123,7.825725308641975,7.974688552188552
2017-10-31 00:00:00+00:00,7.797311366820005,7.691644851813512,8.296236559139786,8.2,7.466338921336601,7.534659145081837,7.694913151364765,7.41378648233487,7.794478579962451,7.927363962202672
2017-11-30 00:00:00+00:00,7.799000448028674,7.802208836525609,8.361666666666666,,7.351963740477599,7.550372310405644,7.844326923076923,7.424840828924162,7.7612191358024685,7.838037037037037
2017-12-31 00:00:00+00:00,7.865143571368768,7.79610555445035,8.395698924731182,,7.400173086698813,7.694691926949991,7.934367245657568,7.459581839904421,7.819593787335723,8.0736283922171
2018-01-31 00:00:00+00:00,7.779155042523503,7.937465323252191,7.832795698924731,,7.216269075449868,7.523387096774194,7.946771978021978,7.538825893342023,7.779192268305172,7.945848458923676
2018-02-28 00:00:00+00:00,7.912332527212776,7.766605193970501,7.752380952380952,,7.125996801964887,7.3683190883190886,7.911871387541031,7.504863516113517,7.889616402116402,7.996998474492149
2018-03-31 00:00:00+00:00,7.792727224299601,7.617903051412759,7.75,8.45,7.348547057615417,7.491841282970315,7.9062072336265885,7.49828880199848,7.907392473118279,8.081821870097762
2018-04-30 00:00:00+00:00,7.765866234119911,7.632087852758601,7.857777777777778,8.388333333333334,7.457974943104636,7.46697671957672,7.991051587301587,7.518185185185185,7.874609347442681,7.99160644910645
2018-05-31 00:00:00+00:00,7.836358397953511,7.898730065225061,8.22258064516129,8.073387096774194,7.378362481737908,7.433777095067418,7.933212191034772,7.473471271858369,7.8102214541730675,7.966708023159636
